
0 3 
1 3 2 2 3 2 
4 1 5 2 6 1 7 0 8 1 9 2 10 1 
11 0 12 0 13 1 14 2 15 0 16 3 17 0 18 0 
19 0 20 0 21 0 

0 3 
1 3 2 2 3 2 
4 1 5 2 6 1 7 0 8 1 9 2 10 1 
11 0 12 0 13 1 14 2 15 0 16 3 17 0 18 0 
19 0 20 0 21 0 

0 2 
1 0 2 1 
3 2 
4 3 5 1 
6 2 7 2 8 0 9 2 
10 0 11 0 12 0 13 0 14 2 15 2 
16 2 17 0 18 0 19 0 
20 0 

0 2 
1 0 2 1 
3 2 
4 3 5 1 
6 2 7 2 8 0 9 2 
10 0 11 0 12 0 13 0 14 2 15 2 
16 2 17 0 18 0 19 0 
20 0 
































































































































































































